0 675
0 867
0 1067
0 3218
0 3632
0 3647
0 3689
0 4027
0 4094
0 4170
0 4232
0 4674
0 4786
0 4789
0 4952
0 5042
0 5077
0 5100
0 5232
0 5538
0 5865
0 5931
0 6492
0 6735
0 6888
0 6912
0 7015
0 7027
0 7193
0 7957
0 7965
0 7973
0 8059
0 8100
0 8262
0 8400
0 8423
0 8651
0 8820
0 8854
0 8930
0 9160
0 9341
0 9536
0 9835
0 10020
0 10046
0 10391
0 10431
0 10643
0 10842
0 11134
0 11208
0 11607
0 11617
0 11728
0 11797
0 11894
0 11919
0 12017
0 12320
0 12355
0 12381
0 12820
0 13017
0 13110
0 13205
0 13434
0 13507
0 13544
0 13617
0 13661
0 13721
0 13862
0 13878
0 13932
0 14359
0 14449
0 14571
0 14587
0 14763
0 15086
0 15247
0 15255
0 15373
0 15655
0 15836
0 16212
0 16248
0 16258
0 16527
0 16741
0 16920
0 17079
0 17104
0 17149
0 17256
0 17518
0 17816
0 17820
0 17836
0 17863
0 18025
0 18320
0 18624
0 18697
0 18756
0 19099
0 19136
0 19272
0 19447
0 19474
0 19541
0 19624
0 19674
0 19751
0 20054
0 20065
0 20190
0 20355
0 20822
0 20868
0 20994
0 21083
0 21238
0 21287
0 21571
0 21602
0 21647
0 21711
0 21724
0 21748
0 21840
0 21959
0 22130
0 22185
0 22255
0 22464
0 22535
0 22576
0 22588
4 22778
4 22841
5 22979
5 22980
13 23034
67 23232
67 23235
152 23419
168 23448
339 23737
532 24038
581 24096
1110 24796
2027 26558
2027 26658
2027 26779
2027 26803
2027 26814
2031 27025
2039 27142
2039 27220
2046 27256
2065 27323
2134 27464
2151 27498
2311 27830
2384 28235
2404 28263
2473 28399
2635 28939
2646 28964
2714 29166
2853 29507
3042 29921
3099 30118
3180 30360
3245 30734
3252 30772
3328 30947
3332 30977
3592 31551
3751 32030
3840 32429
3872 32597
3890 32849
3900 32907
3929 33020
3981 33359
4081 33674
4123 33958
4129 34000
4171 34119
4181 34144
4541 34815
4650 35142
4681 35203
5056 36052
5114 36150
5298 36383
5957 37188
6491 38070
6600 38235
6900 38958
6933 39011
7108 39460
7157 39575
7295 39852
7578 40363
8041 40952
9170 42666
9227 42780
9437 43170
9729 43860
9731 43864
9945 44260
10211 45168
10212 45230
10260 45378
10298 45532
10407 45879
10515 46093
10584 46288
10602 46314
11247 47153
11763 47848
12079 48347
12456 48990
12459 48997
12719 49413
13173 50235
13411 50718
13453 50801
13763 51499
13766 51507
13868 51677
14098 52047
14322 52487
14413 52800
14413 52829
14593 53114
14982 53760
15157 53961
15815 55261
15826 55283
16003 55741
16138 56026
16288 56234
16501 56534
16715 56859
17101 57340
18578 59077
18588 59087
19281 60067
19506 60445
19580 60627
19785 61257
19811 61352
19858 61432
20139 62000
20229 62159
20445 62557
20749 63045
20779 63106
20815 63155
21601 64346
21760 64744
21926 65187
21982 65301
22088 65636
22123 65685
22154 65745
22405 66048
23027 66952
23223 67283
23577 67757
23600 67783
23793 68015
24042 68292
25041 69302
26346 70920
26462 71201
26462 71209
26582 71415
26644 71523
27098 72580
27193 72849
27358 73233
27373 73307
27502 73544
28089 74507
28119 74561
28255 74716
28952 75530
29052 75687
30109 77211
30218 77441
30227 77451
30258 77485
31612 78850
32660 80056
33469 80892
33816 81357
34184 81786
35125 83201
35407 83826
35505 83977
35509 83990
35979 84700
36048 84795
36148 85111
36615 86158
36645 86207
36757 86341
37388 87092
37669 87438
38930 88980
39487 90070
39500 90117
39518 90147
39998 90987
40067 91068
40458 91662
40715 92272
40733 92319
40846 92608
40937 92868
41310 93654
41504 94049
41927 94775
41951 94815
42202 95140
42229 95175
43099 96203
43183 96346
43760 97200
43923 97401
44417 97965
45286 99009
45330 99057
46049 99874
46502 100463
47295 101520
47400 101687
48106 102669
48420 103172
48750 103698
48780 103788
48949 104027
49543 104811
50091 105482
50751 106591
50837 106742
51173 107259
51273 107424
51883 108358
52028 108557
52915 109632
53679 110622
54308 111418
54787 112009
55970 113541
56374 114090
56999 114869
57113 114996
58310 116466
58663 117040
58710 117103
59093 117512
60557 119218
60803 119548
60877 119642
62047 120918
62497 121478
63008 121999
64948 124329
64981 124367
65796 125613
65977 125987
66104 126205
66312 126794
66470 127324
66602 127615
66620 127661
66925 128042
67942 129126
68161 129382
69362 130695
69680 131102
70619 132311
71086 133004
71145 133074
72544 134768
73094 135513
73249 135692
74436 137012
75151 137871
75794 138531
75923 138665
76330 139202
76582 139590
77326 140551
77550 140865
78552 142128
78582 142184
80449 144494
80474 144522
81448 145665
82166 146454
83446 147913
84305 149059
85174 150280
85579 150891
85585 150927
85770 151408
85833 151543
86029 151930
86163 152172
86298 152328
86960 153046
88263 154418
89944 156245
90585 157069
90973 157533
91596 158224
92388 159265
92451 159337
92929 159822
93786 161224
93866 161340
94001 161492
94835 162401
95618 163438
95973 163882
96867 164981
98038 166503
98511 167343
98782 167834
98851 167972
98865 167992
99891 169070
101263 170721
101961 171763
102034 171850
102952 173057
102989 173094
103436 173596
105238 175641
105701 176199
106288 176800
107525 178355
107568 178437
107767 178798
107793 178824
108672 179752
109673 181153
109811 181335
110195 181764
111459 183164
112343 184349
112586 184694
112874 185026
113068 185408
113199 185622
114059 186762
114090 186813
115660 188720
116050 189506
116272 189941
116608 190497
116671 190607
117265 191342
118598 192919
118915 193331
119316 193851
120199 194746
120435 194990
121748 196406
122034 196799
122499 197368
123377 198493
123899 199177
123978 199298
124347 199755
125428 201023
125607 201211
126770 202658
126857 202762
128127 204157
129418 205766
129656 206131
129777 206301
130024 206614
131389 208341
131540 208559
131686 208791

133177 210526
133564 210978
135136 212819
135621 213525
135621
10020
4094
7957
4789
8100
10391
10431
7973
5232
867
1067
675
11607
6735
11894
7965
11617
4674
7027
5100
5042
4170
6888
3689
7015
5538
13617
6492
9835
9536
8820
13878
8059
10643
3218
9341
8423
4232
6912
8651
11208
3647
8400
15655
7193
4952
12017
3632
4786
12355
8262
4027
16248
14587
11797
11134
5931
5077
9160
13017
12381
5865
11728
15836
16741
13721
12320
17104
13434
17079
17863
14449
11919
17836
19541
14571
15255
13862
16527
13205
8854
8930
19674
12820
13932
10046
13507
14359
16920
17149
10842
15373
19136
19624
19474
14763
15086
18025
13661
16258
21571
19751
21083
21238
21840
13544
13110
17256
19447
21647
18624
21748
18756
20065
16212
18697
20822
20054
22185
21724
15247
21959
17820
22255
20355
20190
17518
20994
21711
19272
17816
19099
22535
18320
21602
22979
22980
23232
22778
21287
22576
20868
23235
23737
23034
22130
22464
22588
22841
23448
23419
24038
24096
24796
26658
26814
26558
26803
27142
27830
27464
27498
26779
27025
27256
27220
27323
28235
28399
28939
29507
28263
28964
29166
30118
29921
30734
30772
30360
30947
31551
32030
30977
32597
33020
33359
32429
33674
32849
32907
34144
33958
34119
34815
34000
35203
35142
36150
36052
36383
38235
37188
38070
38958
39575
39011
39460
40363
39852
40952
42780
42666
43170
43864
44260
45168
43860
45230
45378
46093
46314
45879
45532
46288
47153
47848
48990
48347
49413
48997
50801
50235
50718
51507
51677
52047
51499
52487
52800
53114
53760
52829
53961
55283
56026
56234
55261
56534
55741
56859
57340
59077
59087
60445
60067
61257
62000
61432
60627
61352
62557
63045
62159
63106
63155
64346
65636
64744
65301
66048
65187
65745
65685
67283
66952
67783
67757
68015
68292
69302
70920
71209
71201
71523
72580
71415
72849
73307
73544
73233
74561
74507
74716
75687
75530
77485
77211
77441
77451
78850
80056
80892
81786
81357
83201
83826
83977
83990
84700
84795
85111
86341
86207
86158
87092
87438
88980
90147
90070
90117
90987
91662
91068
92319
92868
92272
93654
92608
94049
94815
94775
95140
95175
97200
96203
96346
97401
97965
99009
99057
99874
100463
101687
101520
102669
103698
103172
103788
104027
104811
105482
106591
106742
107259
108358
107424
108557
109632
110622
111418
112009
113541
114090
114869
114996
117040
117103
116466
117512
119218
119548
119642
120918
121478
121999
124367
124329
125613
125987
126794
126205
127324
127615
127661
128042
129126
129382
130695
131102
132311
133074
133004
134768
135513
135692
137012
137871
138531
138665
139202
140551
139590
140865
142184
142128
144522
144494
145665
146454
147913
149059
150280
150927
150891
152328
151408
151930
152172
151543
153046
154418
157069
156245
157533
158224
159337
159265
159822
161492
161340
161224
162401
163882
163438
164981
166503
167343
167834
167992
167972
169070
170721
171763
171850
173094
173057
173596
175641
176199
176800
178437
178355
178824
178798
179752
181335
181153
181764
183164
184349
185026
184694
185622
185408
186762
186813
188720
189506
189941
190607
190497
191342
192919
193331
193851
194746
194990
196406
197368
196799
199177
198493
199755
199298
201023
201211
202762
202658
204157
205766
206131
206614
206301
208341
208791
208559
210526
210978
212819
213525
