0 675
0 867
0 1067
0 3218
0 3647
0 3632
0 3689
0 4027
0 4094
0 4170
0 4232
0 4674
0 4789
0 4786
0 4952
0 5042
0 5077
0 5100
0 5232
0 5538
0 5865
0 5931
0 6492
0 6735
0 6912
0 6888
0 7027
0 7015
0 7193
0 7973
0 7957
0 7965
0 8059
0 8100
0 8262
0 8400
0 8423
0 8651
0 8820
0 8854
0 8930
0 9160
0 9341
0 9536
0 9835
0 10020
0 10046
0 10391
0 10431
0 10643
0 10842
0 11134
0 11208
0 11607
0 11617
0 11728
0 11797
0 11894
0 11919
0 12017
0 12320
0 12355
0 12381
0 12820
0 13017
0 13110
0 13205
0 13434
0 13507
0 13544
0 13617
0 13661
0 13721
0 13862
0 13878
0 13932
0 14359
0 14449
0 14571
0 14587
0 14763
0 15086
0 15247
0 15255
0 15373
0 15655
0 15836
0 16212
0 16248
0 16258
0 16527
0 16741
0 16920
0 17079
0 17104
0 17149
0 17256
0 17518
0 17816
0 17820
0 17836
0 17863
0 18025
0 18320
0 18624
0 18697
0 18756
0 19099
0 19136
0 19272
0 19447
0 19474
0 19541
0 19624
0 19674
0 19751
0 20054
0 20065
0 20190
0 20355
0 20822
0 20868
0 20994
0 21083
0 21238
0 21287
0 21571
0 21602
0 21647
0 21711
0 21724
0 21748
0 21840
0 21959
0 22130
0 22185
0 22255
0 22464
0 22535
0 22576
0 22588
4 22778
4 22841
5 22980
5 22979
13 23034
54 23232
54 23235
116 23419
168 23448
339 23737
532 24038
547 24096
1110 24796
2027 26558
2027 26658
2027 26779
2027 26803
2027 26814
2031 27025
2036 27142
2039 27220
2046 27256
2050 27323
2134 27464
2151 27498
2302 27830
2384 28235
2404 28263
2459 28399
2625 28939
2633 28964
2714 29166
2853 29507
3042 29921
3099 30118
3180 30360
3245 30734
3252 30772
3328 30947
3332 30977
3592 31551
3738 32030
3820 32429
3868 32597
3890 32849
3900 32907
3929 33020
3976 33359
4081 33674
4118 33958
4129 34000
4171 34119
4181 34144
4541 34815
4638 35142
4680 35203
5056 36052
5105 36150
5295 36383
5955 37188
6491 38070
6582 38235
6900 38958
6933 39011
7108 39460
7136 39575
7295 39852
7578 40363
8041 40952
9170 42666
9199 42780
9437 43170
9710 43860
9731 43864
9945 44260
10190 45168
10212 45230
10241 45378
10293 45532
10388 45879
10515 46093
10584 46288
10584 46314
11247 47153
11763 47848
12079 48347
12456 48990
12459 48997
12719 49413
13173 50235
13393 50718
13453 50801
13763 51507
13763 51499
13836 51677
14098 52047
14322 52487
14413 52800
14413 52829
14589 53114
14982 53760
15143 53961
15804 55283
15815 55261
16003 55741
16138 56026
16274 56234
16499 56534
16715 56859
17101 57340
18578 59087
18578 59077
19266 60067
19506 60445
19580 60627
19785 61257
19811 61352
19858 61432
20139 62000
20229 62159
20445 62557
20749 63045
20771 63106
20815 63155
21582 64346
21760 64744
21926 65187
21969 65301
22079 65636
22088 65685
22154 65745
22405 66048
23027 66952
23193 67283
23565 67757
23593 67783
23793 68015
24014 68292
25034 69302
26328 70920
26450 71209
26462 71201
26582 71415
26626 71523
27070 72580
27180 72849
27358 73233
27373 73307
27498 73544
28089 74507
28119 74561
28213 74716
28934 75530
29037 75687
30109 77211
30206 77441
30209 77451
30235 77485
31580 78850
32660 80056
33454 80892
33816 81357
34184 81786
35114 83201
35397 83826
35505 83977
35509 83990
35975 84700
36048 84795
36148 85111
36599 86158
36630 86207
36757 86341
37388 87092
37669 87438
38898 88980
39487 90070
39487 90117
39506 90147
39995 90987
40029 91068
40454 91662
40710 92272
40733 92319
40846 92608
40937 92868
41294 93654
41504 94049
41915 94775
41951 94815
42202 95140
42213 95175
43088 96203
43183 96346
43760 97200
43923 97401
44398 97965
45272 99009
45313 99057
46049 99874
46489 100463
47260 101520
47364 101687
48106 102669
48420 103172
48750 103698
48780 103788
48949 104027
49533 104811
50091 105482
50751 106591
50832 106742
51173 107259
51245 107424
51883 108358
52002 108557
52915 109632
53666 110622
54308 111418
54766 112009
55955 113541
56374 114090
56999 114869
57113 114996
58310 116466
58663 117040
58710 117103
59086 117512
60538 119218
60803 119548
60877 119642
62047 120918
62485 121478
63004 121999
64948 124329
64951 124367
65796 125613
65977 125987
66088 126205
66307 126794
66469 127324
66576 127615
66620 127661
66881 128042
67930 129126
68158 129382
69362 130695
69632 131102
70619 132311
71086 133004
71099 133074
72544 134768
73079 135513
73249 135692
74436 137012
75151 137871
75794 138531
75923 138665
76330 139202
76570 139590
77326 140551
77550 140865
78552 142128
78582 142184
80418 144494
80474 144522
81448 145665
82166 146454
83434 147913
84305 149059
85174 150280
85579 150891
85585 150927
85770 151408
85833 151543
86028 151930
86159 152172
86253 152328
86940 153046
88213 154418
89944 156245
90564 157069
90973 157533
91561 158224
92368 159265
92432 159337
92929 159822
93786 161224
93866 161340
93956 161492
94796 162401
95618 163438
95973 163882
96835 164981
98016 166503
98504 167343
98768 167834
98851 167972
98865 167992
99891 169070
101263 170721
101943 171763
101987 171850
102952 173094
102952 173057
103436 173596
105237 175641
105699 176199
106288 176800
107525 178355
107562 178437
107746 178798
107754 178824
108672 179752
109673 181153
109796 181335
110195 181764
111448 183164
112330 184349
112586 184694
112860 185026
113068 185408
113199 185622
114050 186762
114090 186813
115660 188720
116050 189506
116272 189941
116595 190497
116671 190607
117245 191342
118598 192919