5

644 15
644 8
934 2
644 10
644 9
934 0
806 12
644 10
934 1
1474 2
1551 2
1474 3
644 12
1474 5
934 10
644 13
644 14
806 13
1551 3
1551 2
934 6
1474 6
1551 0
1474 8
1474 7
934 7
934 14
644 12
1551 1
806 0
806 2
1474 5
644 14
644 12
644 10
1474 7
1551 3
806 0
806 1
1551 9
1551 7
1551 0
806 10
934 16
934 1
644 9
644 12
644 11
1474 9
806 11
934 2
806 3
1551 2
644 12
806 0
934 0
1474 2
934 1
1474 0
934 0
806 2
806 4
1551 1
934 2
644 9
1474 7
644 7
644 5
1551 0
644 6
644 4
806 10
1474 8
806 8
934 9
934 7
806 6
806 13
934 6
1551 1
934 5
644 6
1474 6
806 11
1474 5
806 10
806 9
934 2
1551 3
806 11
1474 7
806 5
644 7
806 10
1474 10
806 14
1474 8
1551 1
806 15
934 1
644 5
806 1
1551 2
644 8
644 1
644 3
806 3
1474 7
1551 3
1551 5
1474 5
1474 7
1551 6
1551 4
806 7
806 2
1551 6
1551 4
644 1
934 3
934 5
806 12
806 13
644 6
1474 5
934 7
1551 9
1551 6
806 14
934 9
1474 3
1551 4
1551 9
1551 8
934 11
1474 2
806 15
1551 9
1551 8
644 4
644 6
934 13
644 5
806 13
806 11
644 3
1474 4
1474 0
806 4
1474 1
1474 3
1474 4
1474 6
806 3
934 14
934 16
934 15
1474 5
1551 9
644 2
644 11
806 4
1551 7
1474 6
806 6
1551 1
806 13
934 14
1551 0
1551 8
1474 8
806 14
644 9
1551 5
806 3
934 15
1551 3
1474 9
806 9
1474 7
1474 9
1551 5
1551 2
644 7
644 6
934 13
934 14
934 12
1551 0
644 9
1474 6
806 10
1551 2
644 11
1474 4
806 11
806 12
1474 0
1551 0
1551 1
1551 9
644 9
1474 1
1474 3
934 13
1474 1
806 13
1551 7
806 14
934 15
644 4
644 6
644 12
806 13
644 11
934 13
806 15
644 10
1474 3
1551 6
806 8
806 7
1474 1
934 16
806 8
644 8
1474 5
806 9
1474 3
806 11
934 14
1474 5
934 16
644 9
1551 4
1474 4
644 3
1551 6
644 5
644 4
644 2
1474 0
1551 0
934 10
1551 1
644 3
644 2
934 8
644 4
934 6
1474 1
806 10
644 6
934 7
934 8
806 5
644 4
934 7
1474 0
1551 3
1474 6
934 6
1551 4
934 5
1474 4
934 0
806 6
806 5
806 10
1551 2
1551 3
806 9
1551 8
1551 6
934 13
1474 6
934 15
1474 4
1474 6
1551 5
1474 8
934 16
934 15
1474 6
644 5
806 7
644 4
644 0
806 6
806 5
806 4
1474 1
806 6
934 16
934 9
1474 2
806 2
806 3
806 5
806 8
-1 -1
