637602
2349
551
92
1062
408
1999
1379
1067
3937
373
2006
3697
1029
1872
1619
1371
3755
3496
5871
2198
8327
5156
5699
8016
2830
4499
7685
1959
4548
8891
2681
5053
2463
4166
7528
2925
5231
6219
2584
2412
2553
3805
5327
8451
5052
4643
9084
3859
11021
9456
3700
10612
7805
10982
5813
10905
6441
4255
8420
6331
11815
12836
8366
12686
11387
11703
6915
7103
11102
7667
10050
7590
10490
10006
12365
11333
9585
9695
11570
9422
12934
11676
13762
13105
11306
13109
15694
11901
14890
11421
13669
14152
15683
14123
14073
12001
14185
11904
15652
16770
15567
14450
16765
12724
16058
14646
15836
15719
17410
17100
15378
17739
15758
14385
16336
18681
17468
18393
18730
15604
16468
17388
18214
18604
18530
19426
17127
18776
17043
17220
20050
17928
20828
20614
20691
19529
21064
19665
19441
20246
21445
20832
21519
20731
20798
22182
22201
21301
21627
21917
21851
23535
23730
23039
23819
23763
23706
23559
23480
25442
25189
25340
24938
25244
25565
26691
27408
28151
27846
29094
28307
28604
29085
29515
30195
30495
31126
31103
31045
31968
33213
34228
33613
34864
33809
34998
35078
34654
36166
36569
37091
37152
37018
37057
38782
39137
39180
40092
39286
40078
40196
41044
41102
41221
41935
42382
42503
43173
42349
43454
44126
44002
43440
44037
45104
44955
45564
45560
45968
45924
46662
47654
47656
47814
47207
48333
48059
48153
48301
49905
50705
50251
49896
51427
50657
51410
50045
51055
51228
52566
51699
52973
53099
53292
54571
55409
55328
55671
56226
56576
56411
57036
57771
58095
58249
59089
59584
60392
61517
61060
61504
61658
62502
62334
61804
63261
63196
62736
63947
64690
63907
64140
66109
66589
66306
68112
68691
68604
69214
69581
69107
70389
69693
70820
71284
71237
72359
71790
72272
73656
73377
73705
74371
75618
75706
75730
77403
76957
78157
77863
78037
79406
80080
79745
80147
81553
80761
81701
81614
82006
84069
85000
84270
84730
84716
85499
85612
85745
86058
86953
87848
87831
89029
90386
90381
90482
90684
90387
91339
92224
91991
92240
92518
93698
93215
93468
95062
94526
95764
95562
96687
96821
98261
97900
99491
98873
98572
100060
101016
100626
101782
101255
103012
102397
102227
102853
104061
103985
104132
106142
106398
106925
108093
107860
109165
109886
110524
112058
112590
113578
113741
113701
114250
115436
115816
116175
116589
116393
116893
119143
120022
119842
120678
122210
121644
122401
122711
123226
122575
123995
124441
124858
124849
125187
125387
126825
127398
128758
128604
128835
130742
130726
130994
131789
132066
133741
134242
135903
136291
138328
138276
138116
139127
139206
139908
139032
140304
140271
141485
140753
142064
142346
143024
143106
143262
145735
145789
144755
145762
146051
146321
146193
146729
148862
148139
149584
149381
149710
151140
151422
151984
151417
153288
153115
154972
155446
154898
155313
156111
156693
156953
158722
158198
159567
159528
160120
161544
161673
162263
163234
162801
163466
164014
165167
166831
166479
168096
167424
168136
168399
169064
168927
171686
171754
173636
175351
175478
176783
175984
176906
177934
177129
177053
178699
179256
179423
180132
180048
180548
180025
180129
182416
182746
181775
183867
184486
185259
184688
185915
187167
188617
189135
190372
190438
190819
191870
193189
194566
194104
196045
196227
195729
196681
197780
200221
200389
200597
203536
203812
204058
204435
205238
206639
206969
206932
207204
209692
210278
212019
213302
213251
214981
216500
217298
218217
217637
219235
219819
220656
222081
224005
225138
225697
228148
227654
228129
230450
230683
233288
233034
233081
235492
237086
237680
239356
240785
240279
242169
242832
243488
243356
243744
245211
245753
247872
249007
251281
251818
252576
253779
255783
255640
256968
257985
258685
259828
260541
261409
263020
263623
264798
265807
267585
266667
267678
268360
269176
271907
272950
274412
276285
277763
278170
278758
279434
280561
282018
284057
284742
285006
286897
288942
288776
289794
291908
291761
292175
293588
293546
295380
295574
296151
297565
298965
299548
299325
301899
302299
301950
303352
303994
304987
306417
307563
308271
309209
311497
311358
311844
313154
314547
315436
315207
316138
317638
318892
320362
321009
323624
323869
325425
326648
328212
329113
329623
330947
330474
331493
333298
334563
334896
336995
337502
339575
341110
341832
342251
343102
344820
346573
347838
348118
350629
350426
350677
351129
352457
352553
354270
355328
357176
357302
357988
358594
360151
362053
363228
365340
366103
367899
370176
370608
371449
370215
372612
374392
375137
375139
376607
378446
379879
379554
382137
383645
384389
385234
384511
386505
387235
388304
390532
390964
392936
394654
394981
396227
397600
398707
401207
401970
403049
403815
404157
405700
406977
407554
409712
411348
411783
412373
413270
414633
417190
417325
418422
420491
421443
422597
424058
425088
427020
427116
429131
430133
430671
431448
432823
432969
434273
435170
436710
437591
439203
440371
440977
441365
442487
443644
445173
444559
445552
447348
447060
449955
449996
451004
450771
452380
451706
452688
453118
454465
456209
457906
458547
458912
458523
458821
460411
460640
461667
461643
462339
462708
465436
467858
468239
468517
468913
470093
471509
472711
475265
476829
477230
479724
481446
480764
481678
482238
483148
485983
487259
489858
491165
493005
493953
494954
495806
497718
499983
500307
502401
503442
504221
505373
507426
508152
509079
510181
512900
513254
515619
515019
517232
519997
522071
521527
523663
522969
525041
524670
524889
527190
527788
527773
528951
530339
530800
531178
533438
534408
536955
538824
539735
541042
543487
545154
548297
548906
551717
553593
553366
554850
556387
558459
559731
560930
562142
563208
565226
565766
566535
569248
570498
570581
572421
571766
574112
576748
578510
581088
582429
583840
583289
586865
586689
589877
590817
591883
592895
593147
595293
595017
597849
597694
600711
601568
603176
602860
603807
604244
606459
607614
608432
608304
609858
610627
611740
614371
614282
616584
619260
621638
623653
623263
625838
627366
629848
631523
632330
633853
636876
637399
637763
637837
641026
641192
641838
644305
644841
647280
648805
650498
652926
653261
654237
655647
656474
657990
658617
661222
661292
663130
664845
666149
668301
668191
671000
673486
675358
677035
679297
681084
681518
683789
686193
688027
689699
691631
692932
693216
694780
697111
699918
702127
704912
707123
709346
711677
713323
716498
716447
719030
719966
723875
724743
725207
725891
727260
729273
730367
731408
732626
731781
734019
734170
736990
739637
741202
742757
744050
745311
748573
749809
749465
752539
753531
754406
757440
759751
760857
763416
765737
766963
769576
771613
772396
773516
775143
777600
779910
780367
783973
784944
786663
787272
788600
791755
792618
