597939
10073
3326
942
12393
441
4834
9366
269
5374
1421
883
620
1827
3196
11899
7616
2313
3301
10604
4974
4132
5638
8592
2170
12293
12940
1251
7105
10101
3604
11640
6014
2209
12115
9948
1567
2405
6710
11709
6772
16697
10438
3732
8106
17611
16112
17083
7403
5413
11790
7024
13867
14471
16511
12526
6050
3871
13978
7582
9986
17706
14302
8617
10897
17908
14093
17674
17587
8943
5439
7662
13481
13939
18094
8016
8920
10863
13793
9726
20030
15953
9592
12973
12123
16883
8895
19091
14559
8962
13701
16455
14983
18823
17005
12295
21795
20335
11536
20185
16268
18391
15035
16951
13499
15337
17573
21474
15107
10658
19342
18832
17095
14919
22209
20318
17447
19326
23744
21966
19539
22306
22221
16995
23307
22805
22644
23462
22372
24457
21883
18514
24783
23344
20823
16854
20621
23405
23708
25368
22287
24742
23048
25762
25164
24916
21181
23416
19841
20757
25588
22309
24427
24405
21251
26344
26205
25162
22280
24032
23255
26682
26332
26491
26140
24167
27018
27000
27402
27340
27055
26038
26909
26797
27370
28203
28458
28194
28576
29397
29103
29106
30030
30135
30391
29475
31197
31096
30408
31340
31891
30819
31398
32782
32352
33351
33303
33335
34390
34150
34722
35328
35955
35695
35314
36045
36291
36465
37353
38359
37045
38843
37968
38666
39033
39642
40027
39986
41059
40971
41736
41185
41752
43434
42963
42911
43924
44492
45025
45619
45831
45841
45880
45791
46676
46618
48250
47795
48362
48575
49828
49492
49464
50044
49506
49891
50856
50797
50994
51464
51146
52026
52298
51894
53752
54217
54040
54767
55004
54772
56695
56611
56572
56198
57240
57671
57344
57254
57498
58575
57957
58608
60030
60768
60312
61384
61541
61344
62912
62618
64139
64965
65262
65202
65618
66561
67640
68068
67446
68069
67940
67967
69345
69757
69839
70558
71038
71083
71617
72409
73485
73406
73253
73169
74262
75029
74658
76183
75734
76261
77154
77232
77776
77919
79492
78885
78659
78958
79688
81140
82504
82146
83375
84168
84800
84348
85030
85324
84559
85483
86247
87222
86671
88804
89172
89310
91003
90560
91903
91655
93604
93560
93659
94529
95246
95765
95609
95674
97270
98335
98817
99179
99874
100474
100464
101927
101635
101530
102408
102021
103200
103180
104352
104620
106474
106271
106929
107243
106919
106807
107513
108428
110491
110424
111546
111535
111143
112890
113919
113391
114256
114922
115027
115853
116043
117286
119343
120495
120345
120421
121950
122604
124355
123633
124160
125851
126422
126348
127556
129272
128807
128390
129686
130424
132065
132180
133700
133870
134084
135693
135926
137278
138403
138634
138142
138374
140392
140717
141740
143292
142145
142156
143736
144829
144239
144526
145310
147023
147775
149004
149527
150983
150732
151033
152599
153847
153875
155533
156340
157480
158067
159067
161146
162123
161523
161776
163317
163805
164765
166007
166733
166526
166019
167032
168989
170283
170037
170978
173567
174497
175414
176803
176658
176149
177493
177588
179091
179968
179158
180460
180127
181254
181078
181586
182839
183338
184404
186385
186538
187203
187947
189845
189621
189671
190306
191722
192841
192441
192887
195044
194838
195200
196280
197683
198752
197779
198722
198342
199960
200439
201282
203275
203364
204334
205576
206809
207300
208145
208438
208651
209754
209515
210829
212441
213258
214283
216147
215822
216138
216464
216539
217103
218265
218660
219894
223123
222772
222251
223260
224725
224903
225400
226475
227338
227781
228256
229568
229143
229866
231054
231938
233364
234434
234679
234972
236916
237407
237160
239212
238410
240757
241340
242862
243525
244039
246201
245703
245896
246468
246267
247315
250181
250113
251680
250760
252584
252366
252418
252797
252798
254202
255120
255780
255420
255629
256878
257969
259623
260329
261432
263002
263627
263867
265400
266705
267037
266418
267168
269292
268490
269036
269768
272161
272012
274386
275079
276069
277312
277487
277846
278857
279294
280413
281130
280909
282907
283774
284604
286092
287935
287053
288878
289737
290789
292553
292452
292673
294191
294653
294849
297231
297188
297129
297630
297382
297735
298652
300402
301150
301230
301745
303162
304836
307659
309384
309606
310755
311940
313399
313264
313402
314274
316199
317193
317710
319410
319442
320861
321981
324032
323959
326888
327598
329424
329596
330934
332540
333099
334189
334004
336455
338685
338255
339943
341985
343056
345185
345836
347845
349022
350096
351807
352557
353977
355379
355179
356198
356954
357651
359591
361259
363410
363392
365728
365791
367501
368606
369688
371783
373425
374918
375441
376341
376671
377768
378896
379862
381028
380548
383152
384344
383637
384490
384379
385292
386853
388460
389996
389360
390680
391042
392569
393518
395806
397075
396899
397724
397971
399802
401281
402327
403360
403499
404315
404385
406117
408210
408185
410585
412025
412679
413458
414970
415851
416647
417285
419465
421829
423539
426244
427356
429380
431474
432967
433054
434480
434031
435215
436680
436642
438531
439692
441615
442891
445094
444776
445645
448599
450779
450719
452298
454281
456365
456783
456462
456945
458512
458782
458159
459111
461104
462397
464423
464057
465249
465292
467282
467927
468351
470267
471982
472109
474668
477004
476100
479477
480704
481356
484811
485800
487791
488471
490771
490566
493040
494991
495712
496917
496911
499322
500739
501778
503279
503507
504120
505676
506805
508528
510318
511545
512411
513223
514687
516049
517333
519420
520440
522922
523579
523785
524984
527240
530022
531005
531321
531108
532751
534603
534851
535530
536875
538722
541111
541382
541701
542682
543150
545147
546517
547942
548874
548224
549245
551097
552273
553916
554063
555230
558239
557540
560168
560268
561385
562621
561722
565052
566520
568780
571227
572232
572349
574858
576705
577610
580694
581591
581380
583865
584767
585006
586907
587401
587093
589524
590803
592960
592800
593541
596124
596050
597620
597250
596844
598087
600742
602921
603558
607259
607324
606724
608366
609320
611167
613218
614322
614623
615029
616081
616339
618733
618875
618696
619694
620840
623031
624275
626832
629482
631155
632221
633170
635452
637856
637302
638612
641029
643374
645748
647791
648494
648592
650944
651275
651993
652395
654757
654891
657580
660068
662038
662424
666265
666824
669308
669915
671786
674559
674703
676078
676962
677540
677405
678341
679088
681621
682855
684369
686415
687530
690683
690880
692401
691793
694360
694418
696232
698129
698856
701073
701046
702053
701738
704256
705812
705380
706096
709407
709315
709891
711367
712216
713724
714412
715521
717202
719167
721885
721176
723945
725846
727707
729032
731042
732445
735565
737133
738052
739806
739485
740439
741832
743075
746543
746452
748606
750985
753227
754347
755741
756915
759636
